0.400212 162
1.273105 1
0.180190 1
0.131174 1
0.140748 1
0.469629 1
0.246321 1
0.257437 2
1.040600 1
0.208903 1
0.369229 1
0.255810 3
1.033385 1
0.368806 1
0.092634 1
0.180109 1
0.201628 1
0.296663 1
0.126733 2
1.705002 1
0.175846 1
0.817474 1
0.323633 1
0.089630 1
0.544130 1
0.157558 1
0.133238 1
0.193799 1
0.109237 1
0.448829 1
0.397450 1
0.104889 1
0.071094 1
0.288325 2
0.099714 162
3.797322 1
0.179666 1
0.098106 1
0.187553 1
0.224202 1
0.167679 1
0.237572 2
0.850580 1
0.093441 1
0.188668 1
0.192467 1
0.257767 1
0.192498 2
1.633781 1
0.317835 1
0.182805 1
0.180001 1
0.342110 1
0.560615 1
0.392036 6
1.084390 1
0.432747 1
0.210566 1
0.742291 1
0.379701 1
0.895083 1
0.422061 1
0.642297 1
0.926674 1
0.333827 1
0.138122 1
0.207107 1
0.202060 1
0.232091 1
0.383667 1
0.258501 1
0.644267 1
0.147229 1
0.065843 1
0.647208 2
0.082615 162
3.268179 1
0.177003 1
0.090516 1
0.135155 1
0.187068 1
0.587752 1
0.248825 3
1.144311 1
0.250982 1
0.176139 1
0.090135 1
0.840637 1
0.409839 1
0.214394 1
0.270577 1
0.312025 1
0.797954 1
0.392027 1
0.152416 1
1.333781 1
0.381152 1
0.149215 1
0.089595 1
0.157944 1
0.534199 1
0.190071 1
0.192833 1
0.111168 1
0.289431 1
0.364925 1
0.644768 1
0.359645 1
0.178117 1
0.172071 1
0.609959 1
0.975239 1
0.270377 1
0.457682 1
0.196606 11
1.522911 1
0.326200 1
0.274761 1
0.207740 1
0.425431 1
0.514616 1
0.233343 1
0.767062 1
2.138159 1
0.767823 1
0.165426 1
0.273446 1
0.172590 1
0.116266 1
0.318889 1
0.986038 1
0.890425 1
0.257735 1
0.292697 1
0.618278 1
0.554562 1
0.317970 1
0.262519 1
0.315800 1
0.180492 1
0.361702 1
0.535907 1
0.088239 1
0.277587 1
0.130406 1
0.570994 1
0.436510 1
0.371177 1
0.210916 8
2.312259 1
0.353897 1
0.223968 1
0.165213 1
1.356215 4
0.142217 4
0.108843 1
0.499457 1
0.211801 3
0.273070 1
0.129335 1
0.910169 1
0.684601 1
0.651519 1
0.306821 1
0.159244 1
0.709286 1
0.533230 2
0.007255 88
0.097760 162
4.462972 1
0.271307 1
0.805456 4
0.178680 4
0.328732 1
0.088150 1
0.153833 2
0.005160 145
0.118300 162
0.728216 1
0.290394 1
0.171999 1
0.275545 1
0.424104 2
0.000304 6
